-77
-77
-75
-75
-75
-75
-75
-74
-74
-75
-74
-75
-74
-74
-74
-75
-74
-74
-74
-75
-75
-75
-75
-74
-74
-74
-75
-74
-74
-74
-74
-75
-74
-76
-76
-76
-75
-75
-75
-75
-75
-75
-75
-75
-75
-74
-75
-76
-74
-74
-72
-73
-71
-73
-74
-75
-74
-73
-74
-74
-73
-73
-74
-74
-74
-73
-73
-74
-73
-74
-73
-74
-73
-74
-75
-73
-74
-75
-75
-75
-75
-74
-75
-74
-74
-73
-74
-74
-74
-74
-74
-76
-77
-75
-76
-75
-76
-76
-76
-75
-76
-77
-78
-76
-76
-75
-75
-74
-74
-74
-75
-75
-75
-76
-76
-75
-75
-78
-80
-82
-83
-84
-95
-93
-84
-82
-78
-78
-77
-78
-77
-76
-75
-75
-77
-77
-76
-76
-77
-79
-77
-76
-77
-78
-77
-75
-74
-74
-74
-78
-76
-74
-76
-75
-75
-75
-80
-76
-75
-80
-79
-82
-83
-82
-80
-79
-77
-82
-80
-73
-73
-73
-72
-73
-75
-75
-75
-74
-74
-74
-74
-75
-74
-74
-74
-75
-74
-74
-75
-75
-75
-74
-76
-77
-77
-78
-75
-75
-73
-73
-75
-75
-74
-73
-74
-73
-73
-74
-74
-74
-74
-74
-74
-74
-74
-74
-74
-75
-74
-74
-75
-74
-74
-74
-75
-75
-75
-74
-74
-74
-74
-74
-74
-74
-74
-74
-74
-75
-74
-74
-74
-75
-74
-74
-74
-74
-74
-74
-74
-74
-74
-74
-73
-74
-74
-74
-72
-72
-73
-71
-72
-71
-72
-79
-75
-74
-75
-72
-72
-75
-75
-75
-78
-79
-83
-76
-73
-73
-72
-70
-73
-74
-74
-74
-74
-73
-73
-73
-72
-73
-73
-74
-72
-73
-73
-73
-72
-72
-72
-73
-72
-73
-74
-75
-73
-73
-71
-72
-71
-71
-71
-74
-74
-72
-72
-73
-74
-75
-81
-85
-88
-95
-88
-90
-84
-82
-81
-81
-83
-83
-80
-83
-83
-85
-92
-93
-94
-91
-86
-86
-84
-85
-88
-86
-86
-87
-83
-84
-95
-82
-81
-83
-85
-85
-82
-80
-78
-76
-76
-75
-75
-75
-75
-77
-76
-82
-78
-79
-78
-77
-76
-74
-74
-74
-75
-75
-75
-74
-74
-75
-74
-75
-80
-80
-82
-83
-82
-79
-80
-80
-80
-78
-79
-79
-78
-77
-77
-77
-76
-77
-77
-77
-77
-76
-76
-75
-76
-77
-77
-75
-73
-73
-73
-72
-72
-72
-71
-72
-72
-73
-72
-72
-72
-72
-72
-72
-72
-72
-73
-72
-73
-72
-73
-72
-72
-72
-72
-72
-72
-72
-71
-72
-72
-72
-73
-72
-72
-72
-72
-72
-72
-73
-72
-73
-73
-73
-72
-72
-72
-71
-72
-71
-72
-72
-72
-72
-72
-72
-71
-72
-72
-73
-72
-72
-72
-72
-72
-72
-72
-72
-73
-72
-73
-73
-73
-72
-73
-72
-73
-72
-73
-73
-72
-73
-73
-73
-72
-73
-73
-73
-73
-72
-73
-73
-73
-73
-72
-73
-72
-73
-73
-73
-73
-73
-73
-73
-73
-73
-74
-73
-73
-74
-74
-74
-73
-74
-75
-74
-75
-75
-75
-75
-74
-74
-75
-74
-73
-73
-74
-74
-74
-74
-74
-74
-73
-74
-74
-74
-73
-73
-73
-73
-73
-73
-72
-73
-73
-73
-73
-73
-73
-73
-73
-73
-73
-73
-73
-74
-73
-74
-73
-73
-74
-73
-74
-74
-74
-74
-74
-74
-73
-73
-73
-74
-73
-73
-73
-73
-75
-76
-79
-77
-79
-74
-74
-74
-72
-70
-70
-69
-69
-70
-69
-69
-70
-69
-70
-69
-69
-69
-68
-69
-69
-69
-70
-69
-69
-69
-70
-69
-69
-69
-69
-69
-69
-69
-69
-69
-69
-69
-70
-69
-69
-69
-70
-69
-70
-70
-70
-69
-69
-69
-69
-69
-69
-69
-69
-69
-69
-69
-69
-69
-69
-69
