9.50
9.50
9.50
9.75
9.75
9.75
9.50
9.50
9.50
9.50
9.50
9.50
9.50
9.50
9.75
9.25
9.75
9.75
9.50
9.50
9.50
9.25
9.75
9.25
9.25
9.50
9.50
9.50
9.25
9.50
9.50
9.50
9.50
9.00
9.00
9.75
9.50
9.25
9.50
9.50
9.25
9.50
9.25
9.50
9.50
9.25
9.50
9.25
9.75
9.25
9.50
9.25
9.25
9.25
9.25
9.50
9.25
9.75
9.50
9.75
9.25
9.50
9.50
9.50
9.00
9.25
9.50
9.75
9.50
9.75
9.75
9.50
9.50
9.25
9.50
9.25
9.50
9.50
9.50
9.75
9.25
9.50
9.25
9.75
9.75
9.00
9.75
9.75
9.25
9.25
9.25
9.25
9.50
9.75
9.50
9.50
9.25
9.50
9.75
9.50
10.00
9.50
9.25
9.25
9.50
9.50
9.50
9.50
9.50
9.50
9.25
9.25
9.75
9.25
9.25
9.50
10.00
9.25
9.50
9.25
9.75
9.25
9.75
9.50
9.25
9.50
9.25
9.75
9.25
9.00
9.50
9.25
9.75
9.50
9.25
9.50
9.75
9.50
9.50
9.50
9.50
9.25
9.25
9.25
9.25
9.75
9.50
9.25
9.25
9.75
9.25
9.50
