30.50
30.50
30.50
29.50
29.50
29.50
29.50
28.50
30.50
30.50
28.50
28.50
28.50
28.50
28.50
28.50
28.50
30.50
29.50
28.50
30.50
30.50
30.50
30.50
30.50
28.50
29.50
30.50
30.50
29.50
30.50
30.50
28.50
28.50
28.50
30.50
28.50
29.50
28.50
30.50
30.50
29.50
30.50
28.50
28.50
28.50
28.50
29.50
29.50
30.50
28.50
28.50
29.50
28.50
28.50
29.50
29.50
30.50
29.50
29.50
30.50
28.50
30.50
30.50
28.50
28.50
30.50
29.50
28.50
30.50
28.50
30.50
30.50
30.50
29.50
30.50
30.50
30.50
29.50
30.50
29.50
28.50
28.50
29.50
28.50
30.50
28.50
28.50
29.50
28.50
30.50
30.50
28.50
29.50
30.50
29.50
30.50
30.50
29.50
29.50
30.50
29.50
30.50
30.50
29.50
29.50
28.50
28.50
29.50
29.50
29.50
29.50
28.50
30.50
29.50
28.50
28.50
28.50
30.50
29.50
28.50
30.50
30.50
29.50
28.50
28.50
29.50
29.50
28.50
29.50
28.50
28.50
28.50
29.50
28.50
29.50
29.50
28.50
30.50
30.50
28.50
30.50
29.50
29.50
29.50
28.50
29.50
30.50
28.50
28.50
29.50
29.50
